% This is a configuration setting files that shared among all matlab files.
% This file is to facilitate all the environment-specific variables that
% could be used so that all .m files have no hardcoded path.

%% Pre HCTSA
BLOCKEDFLOAD_DIR='/Users/Zhao/SleepPsychoPhysics/Source/unsup_sleepstaging/library/blockedfloader';
DATA_DIR = '/Volumes/Spaceship/ccshs_edf';
EDF_FILE = 'ccshs-trec-1800001.edf';
WHICH_DATA = 1;

%% Shared (Common)
HCTSA_DIR='/Users/Zhao/SleepPsychoPhysics/Source/hctsa';
NUM_CHANNELS = 3;

%% Post HCTSA
HCTSA_DIR='/Users/Zhao/SleepPsychoPhysics/Source/hctsa';
HCTSA_DATA_DIR='/Volumes/Spaceship/Voss_Lucid/KJ_N1/5seconds';

%% selectdata and crossval
ANSWER_FILE='ccshs_1800001_annot.mat';
CONFUSION_MATRIX_FILE='/Users/Zhao/SleepPsychoPhysics/Source/unsup_sleepstaging/180001_HCTSA';
CM_SAVE_DIR='/Users/Zhao/SleepPsychoPhysics/Source/unsup_sleepstaging/180001_HCTSA';
HCTSA_FILE='180001_HCTSA/HCTSA_N.mat';
OPS_FILE='reduced_ops.txt';
TRAINING_PERCENTAGE = 0.7;
NUM_CHANNELS_USED_FOR_CROSSVAL = 3;
CROSSVAL_ITERATION=5;
PLOT_CONFUSION_MATRIX=true;
PLOT_ACCURACY_REPORT=true;

%% Experiment configurations to run
EXPS_TO_RUN=[5:5];
THREAD_POOL=4;
EVAL_THRESHOLD=0.05;
FILTERED_FEATURE_IDS=[5878,5872,5874,5435,2329,2309,5868,5870,872,389,5879,5877,5446,873,3460,874,5436,5372,1859,4047,1825,5880,4262,3380,1853,5734,5882,5447,1880,5493,3431,3405,1849,3070,1661,3355,4302,1854,5450,5439,3390,3375,307,4316,5378,3777,2497,3430,5416,3435,3450,371,5415,3409,2482,370,3136,3139,5955,3388,392,3410,3357,5196,3059,1013,1850,1875,4048,5178,1580,1735,5274,3376,1739,3452,3360,3102,1874,3151,5373,3277,3148,1927,3900,3373,372,4263,2685,5375,2481,5218,1911,3142,1878,5191,2145,3265,3137,5369,420,3134,2499,3103,2143,3237,870,3154,2684,1943,5221,415,364,5226,3966,5856,1851,2798,5280,3157,3433,3145,3354,1569,423,5786,3492,5371,5195,2674,3378,3483,5735,3437,3449,2142,393,3459,2695,3403,5275,1041,3370,3352,5438,5876,5875,3381,3391,2744,5417,3292,3276,5413,5419,369,1981,3612,3769,5483,3472,3841,2140,3461,2799,3699,5732,3465,5884,5486,354,3695,5381,5449,3407,1685,3623,5155,2683,5273,5881,5145,1467,3158,968,3621,3622,5150,2790,3789,3475,5967,1979,4261,2789,1683,1571,5175,869,1737,3253,2781,3818,2114,5279,5197,1463,5663,3453,3822,5349,1980,3182,5200,1855,1881,3379,3865,969,2800,425,3415,3100,5950,436,3610,3611,3852,1882,3099,5485,3308,2675,1398,1681,3968,5199,2771,3436,5710,5225,5379,5272,3404,5102,2056,5370,424,5220,5689,970,3671,2742,3760,3759,5853,434,971,378,1687,5517,428,5604,2780,2693,5794,972,3211,3385,3312,1026,3214,5618,3141,5277,868,5441,3508,1578,5537,3698,5481,5671,5622,5057,1353,3323,4245,3853,1848,5724,5198,5154,5873,5521,2727,3455,5384,5420,5612,5783,3742,450,390,3892,5177,5541,429,3729,5626,26,5347,5939,3439,5597,973,373,440,2764,5471,3874,3397,5110,4329,3335,199,5350,28,2772,5390,5489,384,3505,30,451,3396,439,3779,3288,5414,1461,3443,3901,5176,5395,2705,5201,5701,5376,3387,5578,4942,5156,1873,3702,3179,5601,5422,5172,5245,5945,3328,3152,427,5323,5607,5276,5252,5704,367,1016,3912,5516,376,5520,3147,1204,5620,1059,5476,3425,5557,3751,981,5215,203,5864,3778,1464,5495,3697,1352,5183,1668,5703,1132,5883,3502,5730,3444,2754,5257,2483,976,3495,2720,5223,5849,974,2174,365,5166,2703,3428,3568,442,984,5804,5181,3485,987,3825,5779,5712,5736,3412,2726,382,975,5540,3883,3882,1354,5657,3133,449,3984,5655,2288,5412,3476,2162,24,2540,5055,990,2652,5561,5556,5536,4260,3821,2774,2596,5690,3479,5580,5650,3579,3718,5859,443,5451,2316,1689,5765,5798,2743,5180,5484,3893,426,5202,5702,3791,5337,3351,5801,3847,5267,5130,5560,432,3451,91,3770,5318,3787,132,2694,5695,4042,5194,5666,5799,3910,2719,5452,5248,5848,5728,4083,1266,3135,5705,3567,3566,5265,3324,5718,3140,448,377,5568,1001,2462,2297,5351,5269,306,3468,2108,431,430,3383,5458,3913,3656,5229,5715,3601,3864,3333,3898,5829,3389,2366,5203,3790,4885,5209,2122,5440,305,1679,5711,3903,3097,2752,3915,3836,3902,2463,5837,1264,5222,5173,2151,5835,3138,5382,2495,3457,309,5838,3911,3275,3395,5352,4049,5466,2721,5334,3484,2464,4084,3869,447,3311,5242,3132,982,2387,1675,1680,1919,5322,5828,3497,3605,33,5478,3666,3665,2346,3401,3746,3627,3487,2465,3118,5394,453,5423,5473,2141,3119,35,5731,5951,5649,1031,4265,1568,5335,3445,2493,5789,2072,3887,3820,5332,965,308,3780,395,3599,3600,3442,3788,452,3827,3856,1879,1810,2080,2222,5717,5425,3096,5824,5576,3200,5598,908,2236,5582,3478,3741,3094,5429,3107,3197,2713,1674,5165,5164,3673,3730,4043,5833,1935,2457,967,964,5426,2229,5572,3792,5532,5213,5333,5533,5726,2775,3578,3577,3667,3583,5496,3272,3616,916,214,1116,2381,3914,1671,4044,366,694,1251,1466,1912,4957,988,1951,4045,909,5162,1647,3947,2326,5564,5500,1579,3713,5760,5227,5161,5160,409,5259,966,3859,5109,3572,2792,4612,3955,3454,2458,4031,5595,2498,5491,3202,3626,5428,5803,5163,3305,3585,3704,2267,2770,2491,3474,2783,5570,3199,2375,5672,5316,3350,5738,202,1344,1823,3625,2492,3342,454,985,3895,1053,3908,1198,381,1249,1567,3764,5847,3668,21,5432,3629,37,1126,5494,2682,963,3574,5836,4011,5437,5769,5709,459,1612,961,5508,210,5219,1667,1672,5147,3890,5249,2376,5179,3842,5317,5217,215,3507,2732,5434,209,1794,2352,4082,5694,5687,230,5588,3315,3341,2477,2490,255,5627,4869,5465,4249,1043,5261,2461,3274,5867,259,250,1263,1248,5159,2227,3470,5260,2459,962,3860,991,1734,363,3504,2064,1404,3736,2170,5851,2389,960,5716,5129,387,3259,20,2264,3839,2276,229,2334,3300,3332,5569,5146,3905,5885,4233,2027,5676,5468,1382,3069,5336,2762,6025,5674,2149,3772,3155,205,379,5675,356,5480,39,1256,1341,5733,1021,926,394,3615,910,4682,3093,5211,5629,2374,3130,5630,5385,5388,3129,4927,5806,598,2339,693,3440,2793,2161,5186,2784,5631,3737,3614,3607,3256,3245,6030,2277,2363,260,313,2296,1413,1188,5947,5793,1362,3849,1167,3153,5477,3967,3325,383,5253,1686,3400,3654,3655,3618,3501,5236,2535,4574,5575,5448,2275,5321,5510,1203,5571,5497,5152,3106,3696,5472,445,4062,2332,4060,865,5563,3782,3843,2343,3675,2394,2287,3917,5456,4021,5573,864,1666,2284,5205,1202,3670,1236,254,2647,2422,5808,4088,5778,3427,1403,5362,2591,5942,456,2173,3979,3669,2395,5149,3128,2396,5937,5467,3833,2371,1622,1942,1630,31,5809,2489,90,5962,5331,5810,1926,5719,1632,1414,5780,5401,3168,1255,5247,5559,5740,2115,3231,3441,2260,4628,5501,5445,3794,813,3959,5742,3165,483,5741,2769,5240,824,820,5206,1738,5869,2207,5700,3464,3372,5153,3170,4310,1665,3851,996,3399,3167,994,2295,4893,225,1241,2741,5207,3358,2335,2460,1617,5865,1343,5767,3733,3326,1676,2110,5479,3348,999,5850,4019,2415,5474,5512,5519,599,5459,5528,4655,5936,3344,5661,5462,866,4254,2430,5613,2315,2292,5410,5230,3221,2228,2157,6029,3960,5357,1259,127,1130,5158,2306,2456,2182,1688,5935,692,2202,2307,2973,5470,863,950,441,5363,2211,5356,5522,4894,3488,5125,3250,5802,4085,5400,3467,2159,3466,5444,92,3204,5857,139,5463,5433,2403,4623,5761,5105,128,5475,2311,5270,3413,5659,408,5455,5934,2303,126,5348,2111,4041,2440,2232,2154,1556,5238,93,5553,1004,5953,5523,2677,374,3848,224,1788,407,2167,5174,4257,5053,840,3884,3886,5460,1673,5513,5046,3281,881,2112,1131,3346,3196,5552,437,3131,3058,3757,1244,1852,2327,2158,3226,3251,2057,129,3628,2242,1909,1239,2673,1242,5871,5461,2230,5324,5545,2383,2078,1057,4678,2331,5502,1006,5843,138,2225,1338,22,125,137,959,3203,4892,3205,2437,1096,2704,5933,438,1910,980,4677,3885,201,2678,204,1925,5457,458,5151,5565,5544,3295,380,5360,5359,375,2063,3318,2951,2712,455,1237,4604,4871,2165,3319,2808,1941,1058,2055,1809,3220,3247,5518,3463,220,3637,5103,5171,5574,1333,3880,3195,5771,3636,5766,5224,3819,1252,3338,2426,249,4055,2488,314,2147,5214,939,3017,5047,2442,5584,1658,200,1635,3236,3233,3838,3482,2848,5393,3763,839,5271,2435,983,5354,4890,3228,3837,2323,5890,3970,4606,4607,5498,989,5320,2450,5144,1231,4033,2447,1232,3386,2272,5682,3434,2336,3055,5983,2289,1702,5148,2224,310,2449,3302,5314,444,3184,2444,1790,190,2455,986,2895,5611,4959,1599,4237,2391,5509,1678,3398,4246,3207,19,4605,4903,706,189,1877,2718,5845,2692,124,3471,5844,1598,2235,1939,3582,2239,1871,705,2302,2428,482,5319,3581,3267,3493,3680,2850,2766,3186,2280,2397,2669,